無生物,11,Na_11,Na_11,0,2,1,1,2,1,2,0,0,0,0,2,1,0,0,0,0,0
喜出望外,279,VH_279,VH_279,0,3,0,1,2,2,1,0,2,0,0,0,0,0,0,0,0,1
研討會,48199,Na_48199,Na_48199,1,2,0,2,1,0,3,1,0,0,0,0,0,0,0,0,1,0
化成,2,VG_2,VG_2,1,2,0,2,1,3,0,0,2,0,0,0,0,0,0,0,0,0
橋,1,Na_1,Na_1,2,1,0,2,1,0,3,0,0,0,1,2,0,0,0,0,0,0
打招呼,853,VB_853,VB_853,1,2,0,1,2,1,2,0,3,0,0,0,0,0,0,0,1,0
江蘇,4121,Nc_4121,Nc_4121,0,3,0,0,3,0,3,0,0,0,3,0,0,0,0,0,2,0
大學生,9362,Na_9362,Na_9362,1,2,0,1,2,1,2,0,0,0,0,0,0,0,0,0,3,0
之外,43536,Ng_43536,Ng_43536,1,1,0,1,1,2,1,0,0,1,1,0,0,0,0,0,0,0
雜貨店,683,Nc_683,Nc_683,0,3,0,1,2,1,2,0,0,0,3,0,0,0,0,0,0,0
基,29073,Nc_15496,Nc_15496/A_1384/Na_12192/VA_1,1,2,0,2,1,2,1,0,0,0,0,2,0,0,0,0,0,1
僅,118546,Da_118546,Da_118546,1,1,0,1,1,3,0,0,0,0,0,0,0,0,0,0,0,1
學校,145672,Nc_145672,Nc_145672,1,2,0,2,1,0,3,0,0,0,3,0,0,0,0,0,1,0
屋,10799,Na_10799,Na_10799,1,2,0,2,1,0,3,0,0,0,3,0,0,0,0,0,0,0
分封,101,Nv_81,Nv_81/VD_20,1,1,0,1,1,1,1,1,2,0,0,0,0,0,0,0,0,0
禁不住,276,VL_276,VL_276,0,2,0,0,2,3,0,0,2,0,0,0,0,0,0,0,0,1
競賽,21635,Na_21618,Na_21618/Nv_2/VA_15,2,1,0,2,1,2,1,3,0,0,0,0,0,0,0,0,0,0
發出,28369,VC_28369,VC_28369,1,2,0,1,2,2,1,0,3,0,0,0,0,0,0,0,0,0
許許多多,483,Neqa_483,Neqa_483,0,2,0,1,1,2,1,0,0,0,0,1,0,0,0,0,0,2
微生物,1329,Na_1329,Na_1329,2,1,0,3,0,0,3,0,0,0,0,1,2,0,0,0,0,0
享受到,1314,VJ_1314,VJ_1314,0,2,0,0,2,2,1,0,3,0,0,0,0,0,0,0,0,0
財政部,88054,Nc_88054,Nc_88054,0,3,0,0,3,0,3,0,0,0,2,0,0,0,0,0,2,0
如果說,1108,Cbb_1108,Cbb_1108,1,1,0,2,0,3,0,1,0,0,0,0,0,0,0,0,0,0
忍不住,1989,VL_519,VL_519/VH_1470,0,2,0,1,1,2,1,0,3,0,0,0,0,0,0,0,0,0
半身,521,D_521,D_521,0,3,0,0,3,1,2,0,0,0,1,1,0,0,0,0,0,0
事件,164661,Na_164661,Na_164661,0,1,2,2,1,2,1,2,0,0,0,0,0,0,0,0,0,0
作品,42429,Na_42429,Na_42429,0,2,1,2,1,1,2,0,0,0,0,3,0,0,0,0,0,0
容許,6243,VE_6243,VE_6243,1,1,0,2,1,2,1,0,3,0,0,0,0,0,0,0,0,1
組織,186753,Nv_6940,Nv_6940/Na_167504/VC_12309,2,0,1,3,0,2,1,0,0,0,0,0,0,0,0,0,3,0
些許,1446,Neqa_1446,Neqa_1446,1,2,0,1,1,3,0,1,0,0,0,0,0,0,0,0,0,1
區域,49489,Nc_6894,Nc_6894/Na_42595,0,1,2,3,0,2,1,0,0,0,3,0,0,0,0,0,0,0
資料庫,5550,Na_5550,Na_5550,1,2,0,1,2,1,2,0,0,0,1,2,0,0,0,0,0,0
棟,19672,Na_924,Na_924/Nf_18748,0,3,0,1,2,2,1,0,0,0,1,1,0,0,0,0,0,0
多樣性,973,Na_973,Na_973,0,2,1,2,1,3,0,0,0,0,0,0,0,0,0,0,0,1
引得,175,Nv_57,Nv_57/VL_118,1,1,0,1,1,2,1,1,2,0,0,0,0,0,0,0,0,0
亞熱帶,712,Nc_712,Nc_712,0,3,0,0,3,1,2,0,0,0,3,0,0,0,0,0,0,0
鯛,142,Na_142,Na_142,0,3,0,0,3,0,3,0,0,0,0,0,3,0,1,0,0,0
軟體,31277,Na_31277,Na_31277,1,2,0,1,2,1,2,0,0,0,0,0,1,0,0,0,0,2
杜鵑樹,1,Na_1,Na_1,0,3,0,0,3,0,3,0,0,0,0,0,0,3,0,0,0,0
頃,2392,D_546,D_546/Nf_1831/Nd_15,0,2,0,1,1,0,2,0,0,0,2,0,0,0,0,0,0,0
趕得及,119,VL_119,VL_119,1,1,0,1,1,1,1,1,2,0,0,0,0,0,0,0,0,0
除此之外,3362,Dk_3362,Dk_3362,1,1,0,2,0,3,0,0,0,0,0,0,0,0,0,0,0,1
況且,4846,Cbb_4846,Cbb_4846,1,1,0,1,1,3,0,1,0,0,0,0,0,0,0,0,0,0
設,75806,VC_75803,VC_75803/Nv_2/Cbb_1,1,1,0,2,0,2,0,0,2,0,0,0,0,0,0,0,0,0
只不過,118,Cbb_55,Cbb_55/Da_51/D_11/Dk_1,1,1,0,2,0,3,0,1,0,0,0,0,0,0,0,0,0,0
大學,250800,Nc_46917,Nc_46917/Na_202420/Nb_1463,0,3,0,2,1,1,2,0,0,0,3,0,0,0,0,0,2,0
領先,32909,VJ_21839,VJ_21839/Nv_11070,1,2,0,2,1,2,1,0,2,0,0,0,0,0,0,0,0,1
差不多,4690,D_3355,D_3355/VH_1335,1,2,0,3,0,3,0,2,0,0,0,0,0,0,0,0,0,0
那裡,8348,Ncd_5079,Ncd_5079/D_3269,1,2,0,2,1,2,1,0,0,0,3,0,0,0,0,0,0,0
光,26982,Na_8330,Na_8330/Nb_2/Da_18501/VJ_147/VH_1/VC_1,2,1,0,1,2,1,2,0,0,0,0,2,0,0,0,0,0,0
設備,64737,Na_64735,Na_64735/VC_2,1,1,1,2,1,1,2,0,0,0,0,3,0,0,0,0,0,0
梅,3170,Na_506,Na_506/Nb_2664,1,2,0,1,2,0,3,0,0,0,0,0,0,3,0,0,0,0
山東,4222,Nb_419,Nb_419/Nc_3803,0,3,0,0,3,0,3,0,0,0,3,0,0,0,0,0,2,0
看來,10310,D_9170,D_9170/VE_881/Dk_259,1,1,0,2,0,2,0,1,0,0,0,0,0,0,0,0,0,0
浮游,247,VA_74,VA_74/Nv_173,0,3,0,1,2,0,3,0,2,0,0,1,0,1,0,0,0,1
床,6497,Na_4182,Na_4182/Nf_2315,2,1,0,1,2,0,3,0,0,0,0,2,0,0,0,0,0,0
當成,4571,VG_4571,VG_4571,1,1,0,2,0,3,0,0,3,0,0,0,0,0,0,0,0,0
蟹,652,Na_652,Na_652,1,2,0,0,3,0,2,0,0,0,0,0,3,0,0,0,0,0
死,29731,VC_7,VC_7/Nv_50/VH_27551/Dfb_2122/VJ_1,1,1,0,1,1,1,2,0,3,0,0,0,0,0,0,0,0,1
放出來,172,VB_172,VB_172,1,2,0,2,1,1,2,1,2,0,0,0,0,0,0,0,0,0
房屋,27066,Na_27066,Na_27066,1,2,0,1,2,1,2,0,0,0,2,2,0,0,0,0,0,0
輕視,570,VJ_388,VJ_388/Nv_182,1,1,0,1,1,1,1,0,3,0,0,0,0,0,0,0,0,0
廈,1685,Na_410,Na_410/Nc_1275,1,1,0,1,1,1,1,0,0,0,2,0,0,0,0,0,0,0
魚類,4500,Na_4500,Na_4500,1,0,2,3,0,2,1,0,0,0,0,0,3,0,0,0,0,0
心驚膽顫,36,VH_36,VH_36,0,3,0,1,2,2,1,0,1,0,0,0,0,0,0,0,1,2
德國人,1905,Na_1905,Na_1905,1,2,0,2,1,0,3,0,0,0,0,0,0,0,0,0,3,0
這樣子,1092,VH_930,VH_930/Nv_34/Dk_128,1,1,0,2,0,2,0,0,0,0,0,0,0,0,0,0,0,1
生氣,2247,VH_280,VH_280/Na_1967,0,1,1,1,1,1,2,0,3,0,0,0,0,0,0,0,0,1
心花怒放,32,VH_32,VH_32,0,2,0,0,2,2,1,0,2,0,0,0,0,0,0,0,0,1
當作,5295,VG_5295,VG_5295,0,3,0,2,1,3,0,0,3,0,0,0,0,0,0,0,0,0
電影院,2712,Nc_2712,Nc_2712,1,2,0,1,2,0,3,0,0,0,3,0,0,0,0,0,1,0
打電話,12542,VB_12542,VB_12542,1,2,0,0,3,0,3,0,3,0,0,0,0,0,0,0,0,0
畫家,5364,Na_5364,Na_5364,1,2,0,1,2,0,3,0,0,0,0,0,0,0,0,0,3,0
加,103797,Nc_754,Nc_754/D_23/Nv_2/VC_103018,0,2,0,0,2,2,1,0,2,0,1,0,0,0,0,0,1,0
天蠍座,74,Nb_74,Nb_74,0,3,0,0,3,0,3,0,0,0,0,1,0,0,0,0,0,1
正式,122463,Nv_18476,Nv_18476/VH_103987,1,2,0,2,1,3,0,0,0,0,0,0,0,0,0,0,0,3
好萊塢,6352,Nc_6352,Nc_6352,0,3,0,0,3,0,3,0,0,0,3,0,0,0,0,0,2,0
國民黨,255457,Nb_255457,Nb_255457,0,3,0,0,3,0,3,0,0,0,0,0,0,0,0,0,3,0
有利於,8839,VK_8839,VK_8839,1,1,0,1,1,2,1,1,2,0,0,0,0,0,0,0,0,0
心急如焚,231,VH_231,VH_231,0,2,0,0,2,3,0,0,1,0,0,0,0,0,0,0,0,1
鄭成功,806,Nb_806,Nb_806,0,3,0,0,3,0,3,0,0,0,0,0,0,0,0,0,3,0
單,32063,VH_4,VH_4/Da_18681/A_12343/Na_1035,2,1,0,2,1,2,1,0,0,0,0,1,0,0,0,0,0,2
獅子座,441,Nb_441,Nb_441,0,3,0,0,3,1,2,0,0,0,0,1,0,0,0,0,0,1
紅樹林,1418,Na_1418,Na_1418,0,3,0,1,2,1,2,0,0,0,2,0,0,1,0,0,0,0
可能,374534,VH_24738,VH_24738/D_224374/Na_125422,1,1,0,2,0,3,0,0,0,0,0,0,0,0,0,0,0,1
關係,327258,Na_314069,Na_314069/VC_152/VK_13036/Nv_1,1,1,1,2,1,3,0,1,0,0,0,0,0,0,0,0,0,0
董事會,12376,Na_12376,Na_12376,0,3,0,0,3,0,3,0,0,0,0,0,0,0,0,0,3,0
朱元璋,122,Nb_122,Nb_122,0,3,0,0,3,0,3,0,0,0,0,0,0,0,0,0,3,0
台南,34817,Nc_34817,Nc_34817,0,3,0,0,3,0,3,0,0,0,3,0,0,0,0,0,1,0
入,110,Nv_2,Nv_2/VC_106/VCL_1/VJ_1,1,1,0,1,1,1,1,0,2,0,0,0,0,0,0,0,0,0
不止,1024,VH_986,VH_986/Da_35/D_1/VJ_1/P_1,1,1,0,1,1,3,0,1,0,0,0,0,0,0,0,0,0,0
證,19958,Na_6438,Na_6438/VJ_24/VE_13496,0,2,1,1,2,1,2,0,0,0,0,3,0,0,0,0,0,0
嗚呼哀哉,7,VH_7,VH_7,0,3,0,1,2,3,0,0,1,0,0,0,0,0,0,0,1,0
展示,19870,Nv_2898,Nv_2898/VC_16972,2,1,0,1,2,1,2,1,2,0,0,0,0,0,0,0,0,0
人類,25196,Na_25196,Na_25196,1,0,2,3,0,1,2,0,0,0,0,0,0,0,0,0,3,0
跟不上,765,VJ_765,VJ_765,0,2,0,0,2,1,1,0,3,0,0,0,0,0,0,0,0,0
遊樂區,5179,Nc_5179,Nc_5179,0,3,0,0,3,1,2,0,0,0,3,0,0,0,0,0,0,0
毛,5999,Na_848,Na_848/Nb_3650/Nf_1501,2,1,0,2,1,1,2,0,0,0,0,1,0,0,0,0,1,1
物質,8753,Na_8753,Na_8753,1,1,1,3,0,2,1,0,0,0,0,2,0,0,0,0,0,0
市議會,31911,Nc_31911,Nc_31911,0,3,0,1,2,0,3,0,0,0,3,0,0,0,0,0,2,0
蒜,529,Na_529,Na_529,0,3,0,0,3,0,3,0,0,0,0,1,0,1,2,0,0,0
調味料,209,Na_209,Na_209,2,1,0,2,1,0,3,0,0,0,0,3,0,0,1,0,0,0
天主教,1,Nb_1,Nb_1,0,3,0,0,3,2,1,0,0,0,0,1,0,0,0,0,2,0
買下來,92,VB_92,VB_92,0,3,0,1,2,1,2,0,3,0,0,0,0,0,0,0,1,0
尼泊爾,2883,Nc_2883,Nc_2883,0,3,0,0,3,0,3,0,0,0,3,0,0,0,0,0,1,0
紀念品,2956,Na_2956,Na_2956,2,1,0,2,1,1,2,0,0,0,0,3,0,0,0,0,0,0
忽視,9055,VJ_6298,VJ_6298/Nv_2757,1,1,0,1,1,1,1,0,3,0,0,0,0,0,0,0,0,0
監事會,1160,Na_1160,Na_1160,1,2,0,1,2,0,3,0,0,0,0,0,0,0,0,0,3,0
便宜,5286,Nv_4823,Nv_4823/Na_320/VJ_142/VH_1,1,2,0,1,2,1,2,0,0,0,0,0,0,0,0,0,0,3
伊拉克,73898,Nc_73898,Nc_73898,0,3,0,0,3,0,3,0,0,0,3,0,0,0,0,0,2,0
地形,4361,Na_4361,Na_4361,0,2,1,1,2,1,2,0,0,0,1,1,0,0,0,0,0,0
購,18083,Nv_3,Nv_3/VC_18080,1,2,0,1,2,1,2,0,3,0,0,0,0,0,0,0,0,0
紫外線,1227,Na_1227,Na_1227,0,3,0,1,2,0,3,0,0,0,0,3,0,0,0,0,0,0
窘,411,Nv_9,Nv_9/VH_402,1,2,0,2,1,3,0,0,0,0,0,0,0,0,0,0,1,2
少許,1035,Neqa_1035,Neqa_1035,1,2,0,2,1,3,0,0,0,0,0,0,0,0,0,0,0,2
記錄片,273,Na_273,Na_273,1,2,0,2,1,0,3,0,0,0,0,3,0,0,0,0,0,0
變,25,VJ_3,VJ_3/VH_2/VC_2/Nv_16/VHC_1/VG_1,0,1,1,2,0,3,0,0,3,0,0,0,0,0,0,0,0,0
研,20924,Na_5572,Na_5572/VE_15351/Nv_1,1,1,0,1,1,1,1,0,2,0,0,0,0,0,0,0,0,0
可,518122,D_518117,D_518117/VH_3/Cbb_2,1,1,0,2,0,2,0,0,0,0,0,0,0,0,0,0,0,1
一塊兒,115,VH_9,VH_9/D_106,1,2,0,2,1,2,1,1,1,1,0,0,0,0,0,0,0,1
雙子座,88,Nb_88,Nb_88,0,3,0,0,3,1,2,0,0,0,0,2,0,0,0,0,0,1
新光,4154,Nb_87,Nb_87/Nc_4067,0,3,0,0,3,0,3,0,0,0,2,1,0,0,0,0,0,0
大幅,68274,D_68273,D_68273/Na_1,0,2,0,1,1,3,0,0,0,0,0,0,0,0,0,0,0,1
故,14402,VL_6,VL_6/VH_33/Na_2263/Cbb_11984/A_116,1,1,0,2,0,2,0,0,0,0,0,0,0,0,0,0,0,1
劇場,6802,Nc_6802,Nc_6802,1,2,0,2,1,1,2,0,0,0,3,0,0,0,0,0,0,0
肚子,1,Na_1,Na_1,0,3,0,1,2,0,3,0,0,0,0,2,0,0,0,0,0,0
兔子,516,Na_470,Na_470/Nb_46,1,2,0,1,2,0,3,0,0,0,0,0,3,0,0,0,0,0
副熱帶,106,Nc_106,Nc_106,0,3,0,0,3,0,3,0,0,0,3,0,0,0,0,0,0,0
大陸人,8023,Na_8023,Na_8023,1,2,0,3,0,0,3,0,0,0,0,0,0,0,0,0,3,0
烏龜,465,Na_465,Na_465,0,3,0,0,3,0,3,0,0,0,0,0,3,0,0,0,0,0
紐約,68910,Nc_68899,Nc_68899/Nb_11,0,3,0,0,3,0,3,0,0,0,3,0,0,0,0,0,1,0
邵族,584,Nb_584,Nb_584,0,3,0,0,3,1,2,0,0,0,0,0,0,0,0,0,3,0
天下,55,Nc_55,Nc_55,1,0,2,2,1,2,1,0,0,0,3,0,0,0,0,0,0,0
總務處,332,Nc_332,Nc_332,0,3,0,0,3,0,3,0,0,0,3,0,0,0,0,0,2,0
照理,494,D_494,D_494,2,1,0,3,0,3,0,0,2,0,0,0,0,0,0,0,0,0
宮殿,526,Na_526,Na_526,1,2,0,2,1,0,3,0,0,0,3,0,0,0,0,0,0,0
韓國,38142,Nc_38142,Nc_38142,0,3,0,0,3,0,3,0,0,0,3,0,0,0,0,0,2,0
動物,34708,Na_34708,Na_34708,1,0,2,3,0,1,2,0,0,0,0,0,3,0,0,0,0,0
決賽,20510,Na_20510,Na_20510,0,2,1,1,2,2,1,3,0,0,0,0,0,0,0,0,0,0
就是說,928,Dk_928,Dk_928,1,1,0,2,0,3,0,1,0,0,0,0,0,0,0,0,0,0
法律系,2656,Nc_2656,Nc_2656,0,3,0,1,2,2,1,0,0,0,1,0,0,0,0,0,2,0
臺北市,2078,Nc_2078,Nc_2078,0,3,0,0,3,0,3,0,0,0,3,0,0,0,0,0,0,0
總而言之,306,Dk_306,Dk_306,2,1,0,3,0,3,0,1,0,0,0,0,0,0,0,0,0,0
夾道,371,Na_354,Na_354/D_17,1,2,0,1,2,1,2,0,1,0,2,0,0,0,0,0,0,0
教職員工,850,Na_850,Na_850,1,1,1,2,1,1,2,0,0,0,0,0,0,0,0,0,3,0
關門,1835,VA_317,VA_317/Nv_141/VH_1377,0,3,0,0,3,0,3,1,2,0,0,0,0,0,0,0,0,0
藝術家,8097,Na_8097,Na_8097,1,2,0,2,1,1,2,0,0,0,0,0,0,0,0,0,3,0
教授,67853,Na_67745,Na_67745/VC_107/Nv_1,1,2,0,2,1,0,3,0,0,0,0,0,0,0,0,0,3,0
海魚,107,Na_107,Na_107,2,1,0,2,1,1,2,0,0,0,0,0,3,0,1,0,0,0
鯨魚,911,Na_911,Na_911,0,3,0,0,3,0,3,0,0,0,0,0,3,0,0,0,0,0
小朋友,23472,Na_23472,Na_23472,1,2,0,2,1,1,2,0,0,0,0,0,0,0,0,0,3,0
不只,12853,D_8742,D_8742/Da_4111,1,1,0,2,0,3,0,1,0,0,0,0,0,0,0,0,0,0
東北,159,Nc_158,Nc_158/Ncd_1,1,2,0,2,1,0,3,0,0,0,3,0,0,0,0,0,1,0
牽腸掛肚,21,VH_20,VH_20/Nv_1,0,3,0,0,3,2,1,0,3,0,0,0,0,0,0,0,1,0
打下來,98,VB_98,VB_98,0,3,0,0,3,0,3,0,3,0,0,0,0,0,0,0,0,0
立法院,180937,Nc_180937,Nc_180937,0,3,0,0,3,0,3,0,0,0,3,0,0,0,0,0,2,0
鐵,7277,Na_7237,Na_7237/VC_40,0,3,0,1,2,0,3,0,0,0,0,3,0,0,0,0,0,0
無所謂,1848,VH_1693,VH_1693/Nv_155,2,1,0,1,2,3,0,0,0,0,0,0,0,0,0,0,0,1
頓時,2213,D_2213,D_2213,1,2,0,2,1,3,0,0,0,3,0,0,0,0,0,0,0,0
宿舍,7265,Nc_7265,Nc_7265,1,2,0,1,2,1,2,0,0,0,3,0,0,0,0,0,0,0
青少年,39357,Na_39357,Na_39357,1,2,0,3,0,0,3,0,0,0,0,0,0,0,0,0,3,0
在野黨,25169,Na_25169,Na_25169,0,3,0,1,2,2,1,0,0,0,0,0,0,0,0,0,3,0
板橋,13097,Nc_13097,Nc_13097,0,3,0,1,2,0,3,0,0,0,2,1,0,0,0,0,0,0
反對黨,14596,Na_14596,Na_14596,1,2,0,1,2,0,3,0,0,0,0,0,0,0,0,0,3,0
化為,2033,VG_2033,VG_2033,1,1,0,1,1,3,0,0,2,0,0,0,0,0,0,0,0,0
如此,45761,VH_33236,VH_33236/Dfa_12525,2,1,0,3,0,3,0,1,1,0,0,0,0,0,0,0,0,0
延平郡王,121,Nb_121,Nb_121,0,3,0,0,3,0,3,0,0,0,0,0,0,0,0,0,3,0
北市,28439,Nc_28439,Nc_28439,0,3,0,0,3,0,3,0,0,0,3,0,0,0,0,0,1,0
殖民地,2207,Nc_2207,Nc_2207,2,1,0,2,1,1,2,0,0,0,2,0,0,0,0,0,0,0
捷,3967,VH_2845,VH_2845/Nc_1122,1,2,0,1,2,3,0,0,0,0,0,0,0,0,0,0,0,2
以致,17539,Cbb_17539,Cbb_17539,1,1,0,2,0,3,0,2,0,0,0,0,0,0,0,0,0,0
祝英台,293,Nb_293,Nb_293,0,2,0,1,2,0,3,0,0,0,0,1,0,0,0,0,2,0
不能,123863,D_95876,D_95876/Na_27987,2,1,0,3,0,2,1,0,2,0,0,0,0,0,0,0,0,1
國家,528470,Na_528470,Na_528470,0,2,1,3,0,1,2,0,0,0,3,0,0,0,0,0,1,0
轉瞬間,31,Nd_31,Nd_31,1,2,0,1,2,3,0,0,0,3,0,0,0,0,0,0,0,0
小孩子,2137,Na_2137,Na_2137,1,2,0,1,2,0,3,0,0,0,0,0,0,0,0,0,3,0
轉為,7999,VG_7999,VG_7999,0,2,0,0,2,2,1,0,3,0,0,0,0,0,0,0,0,0
教室,9726,Nc_9726,Nc_9726,1,2,0,1,2,0,3,0,0,0,3,0,0,0,0,0,0,0
維多利亞,1129,Nb_1129,Nb_1129,0,3,0,0,3,0,3,0,0,0,1,0,0,0,0,0,2,0
提起,7447,VE_846,VE_846/VC_6601,1,2,0,2,1,1,2,0,3,0,0,0,0,0,0,0,0,0
淨,8829,A_3995,A_3995/D_2893/VH_1940/VHC_1,1,2,0,1,2,2,1,0,0,0,0,0,0,0,0,0,0,3
彼得,826,Nb_826,Nb_826,0,3,0,0,3,0,3,0,0,0,0,0,0,0,0,0,3,0
巨蟹座,66,Nb_66,Nb_66,0,3,0,0,3,1,2,0,0,0,0,2,0,0,0,0,0,1
併發症,2226,Na_2226,Na_2226,1,2,0,3,0,1,2,0,0,0,0,1,0,0,0,0,0,1
兄弟,12222,Na_12222,Na_12222,1,2,0,2,1,1,2,0,0,0,0,0,0,0,0,0,3,0
龍蝦,685,Na_685,Na_685,0,3,0,0,3,0,3,0,0,0,0,0,3,0,0,0,0,0
廟宇,2118,Na_2118,Na_2118,1,2,0,2,1,0,2,0,0,0,3,0,0,0,0,0,0,0
女,57568,Na_57566,Na_57566/Nh_2,0,2,1,1,2,0,3,0,0,0,0,0,0,0,0,0,2,1
轉成,605,VG_605,VG_605,0,2,0,1,1,3,0,0,3,0,0,0,0,0,0,0,0,0
高中,46622,VJ_5020,VJ_5020/Nc_41602,0,3,0,1,2,0,3,0,0,0,3,0,0,0,0,0,2,0
蝦,1569,Na_1569,Na_1569,1,1,0,0,2,0,2,0,0,0,0,0,2,0,0,0,0,0
梅花樹,4,Na_4,Na_4,0,3,0,0,3,0,3,0,0,0,0,0,0,3,0,0,0,0
組合成,187,VG_187,VG_187,0,3,0,1,2,3,0,0,3,0,0,0,0,0,0,0,0,0
輸給,2799,VD_2799,VD_2799,0,2,0,0,2,2,1,0,3,0,0,0,0,0,0,0,0,0
印度洋,1852,Nc_1852,Nc_1852,0,3,0,0,3,0,3,0,0,0,3,0,0,0,0,0,0,0
魚,12928,Na_12928,Na_12928,2,1,0,2,1,0,3,0,0,0,0,0,3,0,0,0,0,0
成為,205677,VG_205677,VG_205677,1,2,0,2,1,3,0,0,3,0,0,0,0,0,0,0,0,0
對不起,1651,Nv_297,Nv_297/VJ_1354,1,1,0,0,1,2,1,0,3,0,0,0,0,0,0,0,0,0
有心人士,592,Na_592,Na_592,1,2,0,2,1,1,2,0,0,0,0,0,0,0,0,0,3,0
大樓,43853,Na_43853,Na_43853,1,2,0,1,2,0,3,0,0,0,1,2,0,0,0,0,0,0
防,28248,VC_28246,VC_28246/Nv_2,1,2,0,2,1,2,1,0,3,0,0,0,0,0,0,0,0,0
脊椎,2043,Na_2043,Na_2043,0,3,0,0,3,0,3,0,0,0,0,2,0,0,0,0,0,0
地方,207987,Na_207987,Na_207987,1,1,1,3,0,2,0,0,0,0,3,0,0,0,0,0,0,0
基督教,9219,Nb_9219,Nb_9219,0,3,0,0,3,2,1,0,0,0,0,1,0,0,0,0,2,0
說出,4543,VE_4543,VE_4543,0,3,0,0,3,0,3,0,3,0,0,0,0,0,0,0,1,0
海豚,2118,Na_2118,Na_2118,0,3,0,0,3,0,3,0,0,0,0,0,3,0,0,0,0,0
客氣,1546,VH_1546,VH_1546,2,1,0,3,0,3,0,0,0,0,0,1,0,0,0,0,0,1
那麼樣,23,Dfa_23,Dfa_23,1,1,0,2,0,3,0,0,0,0,0,0,0,0,0,0,0,1
新,460026,Na_715,Na_715/Nv_7/Nc_484/VH_458819/VHC_1,1,2,0,1,2,2,1,0,0,0,0,0,0,0,0,0,0,3
增長,40639,Nv_26030,Nv_26030/VHC_14609,1,2,0,1,2,2,1,0,3,0,0,0,0,0,0,0,0,0
義大利,44516,Nb_5,Nb_5/Nc_44511,0,3,0,0,3,0,3,0,0,0,3,0,0,0,0,0,2,0
機構,132159,Na_132159,Na_132159,0,1,2,3,0,2,1,0,0,0,2,1,0,0,0,0,1,0
那裏,51,Ncd_34,Ncd_34/D_17,1,2,0,1,2,2,1,0,0,0,3,0,0,0,0,0,0,0
警察局,38921,Nc_38921,Nc_38921,1,2,0,1,2,0,3,0,0,0,3,0,0,0,0,0,1,0
慕尼黑,1901,Nc_1901,Nc_1901,0,3,0,0,3,0,3,0,0,0,3,0,0,0,0,0,1,0
生出來,90,VB_90,VB_90,0,3,0,0,3,1,1,0,3,0,0,0,0,0,0,0,0,0
轉變為,2568,VG_2568,VG_2568,0,3,0,0,3,2,1,0,3,0,0,0,0,0,0,0,0,0
外,290997,Nc_5,Nc_5/Ng_180748/Ncd_110244,1,1,0,2,0,2,0,0,0,0,2,0,0,0,0,0,0,0
驚訝,4504,VK_3406,VK_3406/Nv_1098,1,2,0,1,2,3,0,0,1,0,0,0,0,0,0,0,1,2
只有,118935,VJ_69106,VJ_69106/Cbb_6261/D_43568,1,1,0,2,0,2,0,0,0,0,0,0,0,0,0,0,0,1
水瓶座,71,Nb_71,Nb_71,0,3,0,0,3,1,2,0,0,0,1,2,0,0,0,0,0,0
俄羅斯,108354,Nb_4,Nb_4/Nc_108350,0,3,0,0,3,0,3,0,0,0,3,0,0,0,0,0,2,0
導盲犬,797,Na_797,Na_797,0,3,0,1,2,0,3,0,0,0,0,0,3,0,0,0,0,0
生產力,7142,Na_7142,Na_7142,0,2,1,1,2,3,0,0,0,0,0,1,0,0,0,0,0,0
掃瞄器,1058,Na_1058,Na_1058,1,2,0,1,2,0,3,0,0,0,0,3,0,0,0,0,0,0
桃園縣,26565,Nc_26565,Nc_26565,0,3,0,0,3,0,3,0,0,0,3,0,0,0,0,0,1,0
十二指腸,290,Na_290,Na_290,0,3,0,0,3,0,3,0,0,0,0,3,0,0,0,0,0,0
美國,839964,Na_543023,Na_543023/Nc_296941,0,3,0,0,3,0,3,0,0,0,3,0,0,0,0,0,2,0
徬徨,284,VH_39,VH_39/Nv_244/Na_1,0,3,0,0,3,2,1,0,2,0,0,0,0,0,0,0,0,1
城市,54315,Na_54315,Na_54315,2,1,0,2,1,0,3,0,0,0,3,0,0,0,0,0,0,0
沙沙,30,VH_8,VH_8/D_22,1,2,0,1,2,1,2,0,0,0,0,0,0,0,0,0,0,1
關,4721,Na_7,Na_7/Nf_3058/Nb_180/VJ_1475/VC_1,1,1,0,1,1,1,1,0,3,0,0,0,0,0,0,0,0,0
闊葉林,122,Na_122,Na_122,2,1,0,1,2,0,3,0,0,0,2,0,0,2,0,0,0,0
非正式,9076,VH_7037,VH_7037/A_2039,0,2,0,1,2,3,0,0,0,0,0,0,0,0,0,0,0,3
寫出來,161,VB_161,VB_161,1,2,0,1,2,1,2,0,3,0,0,0,0,0,0,0,0,0
那兒,821,Ncd_821,Ncd_821,1,2,0,2,1,2,1,0,0,0,3,0,0,0,0,0,0,0
吐出來,64,VB_64,VB_64,0,2,0,0,2,0,3,0,3,0,0,0,0,0,0,0,0,0
文建會,9678,Nc_9678,Nc_9678,0,3,0,0,3,0,3,0,0,0,2,0,0,0,0,0,2,0
法國人,1567,Na_1567,Na_1567,1,2,0,1,2,1,2,0,0,0,0,0,0,0,0,0,3,0
單單,1237,Da_680,Da_680/VH_557,1,2,0,0,2,3,0,0,0,0,0,0,0,0,0,0,0,1
來自於,1546,VI_1546,VI_1546,1,1,0,2,0,3,0,0,1,0,0,0,0,0,0,0,0,1
禁止,40186,VE_23701,VE_23701/Nv_16485,1,1,0,1,1,3,0,0,3,0,0,0,0,0,0,0,0,0
牆,5587,Na_5587,Na_5587,1,2,0,1,2,0,3,0,0,0,0,3,0,0,0,0,0,0
記下來,52,VB_52,VB_52,0,3,0,0,3,0,3,0,3,0,0,0,0,0,0,0,0,0
生物多樣性,687,Na_687,Na_687,0,3,0,0,3,3,0,0,0,0,0,0,0,0,0,0,0,2
一大早,1976,Nd_1976,Nd_1976,0,3,0,1,2,2,1,0,0,3,0,0,0,0,0,0,0,0
變為,2008,VG_2008,VG_2008,1,2,0,1,1,3,0,0,3,0,0,0,0,0,0,0,0,0
蟳,58,b_55,b_55/Na_3,0,3,0,0,3,0,3,0,0,0,0,0,3,0,0,0,0,0
為什麼,10885,D_8499,D_8499/VH_2386,1,1,0,2,1,3,0,1,0,0,0,0,0,0,0,0,0,0
紀錄片,3401,Na_3401,Na_3401,1,2,0,1,1,0,2,0,0,0,0,2,0,0,0,0,0,0
窯,1023,Na_1023,Na_1023,1,2,0,1,2,0,3,0,0,0,2,1,0,0,0,0,0,0
打,1350,Nv_6,Nv_6/Nf_1329/P_12/VHC_1/VA_1/VC_1,1,2,0,2,1,1,2,0,3,0,0,0,0,0,0,0,0,0
牡羊座,63,Nb_63,Nb_63,0,2,0,0,2,0,2,0,0,0,0,1,0,0,0,0,0,1
建築物,15126,Na_15126,Na_15126,2,0,1,3,0,0,3,0,0,0,1,2,0,0,0,0,0,0
誠惶誠恐,82,VH_82,VH_82,0,3,0,0,3,3,0,0,2,0,0,0,0,0,0,0,0,1
明,14786,Nb_3,Nb_3/VC_27/Na_204/VK_2/VH_14540/Nd_10,1,2,0,1,2,1,2,0,1,0,0,0,0,0,0,0,0,2
生物,14931,Na_14931,Na_14931,2,0,1,3,0,1,2,0,0,0,0,1,2,1,0,0,1,0
用,156026,D_5,D_5/VC_35216/P_119651/Na_1142/Nv_11/VB_1,0,2,0,2,0,0,2,0,2,0,0,0,1,0,1,0,0,0
反映出,5011,VK_5011,VK_5011,1,1,0,2,0,3,0,0,3,0,0,0,0,0,0,0,0,0
秦始皇,501,Nb_501,Nb_501,0,3,0,0,3,0,3,0,0,0,0,0,0,0,0,0,3,0
動詞,400,Na_400,Na_400,2,1,0,3,0,1,2,0,0,0,0,1,0,0,0,0,0,1
大西洋,3385,Nc_3385,Nc_3385,0,3,0,0,3,0,3,0,0,0,3,0,0,0,0,0,0,0
轉變成,1069,VG_1069,VG_1069,0,3,0,1,2,2,1,0,3,0,0,0,0,0,0,0,0,0
人行道,3164,Nc_3164,Nc_3164,0,3,0,1,2,0,3,0,0,0,2,0,0,0,0,0,0,0
準決賽,5492,Na_5492,Na_5492,0,3,0,0,3,2,1,3,0,0,0,0,0,0,0,0,0,0
縣,75088,Nc_75087,Nc_75087/A_1,0,3,0,1,2,0,3,0,0,0,3,0,0,0,0,0,0,0
行政院,264954,Nc_264954,Nc_264954,0,3,0,0,3,0,3,0,0,0,3,0,0,0,0,0,2,0
威尼斯,1867,Nc_1867,Nc_1867,0,3,0,0,3,0,3,0,0,0,3,0,0,0,0,0,1,0
老子,334,Nh_40,Nh_40/Na_156/Nb_138,0,3,0,0,3,0,3,0,0,0,0,0,0,0,0,0,3,0
幼稚園,10440,Nc_10440,Nc_10440,1,2,0,2,1,0,3,0,0,0,3,0,0,0,0,0,0,0
頂,5180,Dfa_396,Dfa_396/Na_180/VC_1728/Ncd_1612/Nf_1264,0,2,0,0,2,0,2,0,1,0,1,0,0,0,0,0,0,0
房子,6767,Na_6767,Na_6767,1,2,0,1,2,0,3,0,0,0,3,1,0,0,0,0,0,0
教育部,84393,Nc_84393,Nc_84393,0,3,0,0,3,0,3,0,0,0,2,0,0,0,0,0,2,0
一點兒,296,Neqa_296,Neqa_296,1,1,0,2,0,2,0,0,0,0,0,0,0,0,0,0,0,1
輕聲,188,Na_65,Na_65/D_123,0,2,0,0,2,0,2,0,1,0,0,0,0,0,0,0,0,1
草地,1298,Na_1298,Na_1298,1,2,0,1,2,1,2,0,0,0,3,0,0,0,0,0,0,0
打瞌睡,336,VA_336,VA_336,0,3,0,0,3,1,2,0,3,0,0,0,0,0,0,0,0,0
飛機,57096,Na_57096,Na_57096,2,1,0,1,2,0,3,0,0,0,0,3,0,0,0,0,0,0
托兒所,5139,Nc_5139,Nc_5139,0,3,0,1,2,0,3,0,0,0,3,0,0,0,0,0,0,0
如坐針氈,48,VH_48,VH_48,0,2,0,0,2,3,0,0,1,0,0,0,0,0,0,0,0,1
轉化為,1487,VG_1487,VG_1487,0,2,0,1,1,3,0,0,3,0,0,0,0,0,0,0,0,0
不可以,3860,VH_573,VH_573/D_3287,1,1,0,2,0,3,0,1,0,0,0,0,0,0,0,0,0,0
總決賽,1985,Na_1985,Na_1985,0,3,0,0,3,1,2,3,0,0,0,0,0,0,0,0,1,0
劃分為,1099,VG_1099,VG_1099,0,3,0,1,2,2,1,0,3,0,0,0,0,0,0,0,0,0
人家,4482,Na_3029,Na_3029/Nh_1453,1,2,0,3,0,1,2,0,0,0,0,0,0,0,0,0,3,0
森林,15523,Na_15523,Na_15523,1,2,0,1,2,1,2,0,0,0,2,1,0,2,0,0,0,0
學生,174566,Na_174566,Na_174566,1,1,1,2,1,1,2,0,0,0,0,0,0,0,0,0,3,0
有一點點,118,Dfa_118,Dfa_118,0,2,0,1,1,2,0,0,0,0,0,0,0,0,0,0,0,1
廢物,1113,Na_1113,Na_1113,2,1,0,3,0,1,2,0,0,0,0,3,0,0,0,0,0,0
收入,50471,VC_49975,VC_49975/Na_496,1,2,0,1,2,2,1,0,1,0,0,2,0,0,0,0,0,0
東方,14991,Ncd_14991,Ncd_14991,0,3,0,2,1,2,1,0,0,0,3,0,0,0,0,0,0,0
唯有,12600,D_9221,D_9221/Cbb_3379,1,1,0,2,0,3,0,0,0,0,0,0,0,0,0,0,0,1
爆冷門,140,VH_140,VH_140,0,3,0,1,2,2,1,1,2,0,0,0,0,0,0,0,0,0
廣州,15218,Nc_15218,Nc_15218,0,3,0,0,3,0,3,0,0,0,3,0,0,0,0,0,2,0
地理,9876,Na_9876,Na_9876,0,2,1,3,0,3,0,0,0,0,0,1,0,0,0,0,0,1
變成,18635,VG_18635,VG_18635,0,3,0,0,3,3,0,0,3,0,0,0,0,0,0,0,0,0
研究所,44885,Nc_44885,Nc_44885,1,2,0,1,2,0,3,0,0,0,3,0,0,0,0,0,1,0
不及,9014,VH_6182,VH_6182/Nv_525/VJ_2307,1,1,0,2,0,2,0,1,0,0,0,0,0,0,0,0,0,0
戲院,3972,Nc_3972,Nc_3972,1,2,0,1,2,0,3,0,0,0,3,0,0,0,0,0,1,0
孔明,199,Nb_199,Nb_199,0,3,0,0,3,0,3,0,0,0,0,0,0,0,0,0,3,0
有機體,205,Na_205,Na_205,1,1,1,3,0,1,2,0,0,0,0,0,3,1,0,0,1,0
只,199514,Nf_788,Nf_788/D_62/Da_198664,1,1,0,2,0,2,0,0,0,0,0,0,0,0,0,0,0,1
臺北,4124,Nc_4124,Nc_4124,0,3,0,0,3,0,3,0,0,0,3,0,0,0,0,0,0,0
調查員,2506,Na_2506,Na_2506,1,2,0,1,2,0,3,0,0,0,0,0,0,0,0,0,3,0
有沒有,5991,D_5991,D_5991,1,1,0,1,1,3,0,1,1,0,0,0,0,0,0,0,0,0
雙魚座,84,Nb_84,Nb_84,0,3,0,0,3,0,3,0,0,0,0,2,0,0,0,0,0,1
吃,26,VB_3,VB_3/Nv_20/VH_1/VE_1/VC_1,1,2,0,1,2,1,2,0,3,0,0,0,0,0,0,0,0,0
文化,4794,Nc_4791,Nc_4791/VHC_2/Na_1,1,0,2,3,0,3,0,0,0,0,0,1,0,0,0,0,0,0
印,11457,Nc_413,Nc_413/Nv_3/Na_234/Nb_2/VC_10805,1,2,0,1,2,0,3,0,0,0,0,3,0,0,0,0,0,0
磚,1433,Na_1433,Na_1433,0,2,0,0,2,0,2,0,0,0,0,2,0,0,0,0,0,0
更有甚者,179,Dk_179,Dk_179,1,2,0,2,1,2,1,0,0,0,0,0,0,0,0,0,1,1
口,52315,Na_6,Na_6/Nf_31350/Nc_210/Ncd_20749,0,3,0,0,3,0,3,0,0,0,0,3,0,0,0,0,0,0
反映到,325,VJ_325,VJ_325,0,3,0,0,3,2,1,0,3,0,0,0,0,0,0,0,0,0
莫及,73,Dfb_73,Dfb_73,0,1,1,1,1,2,0,0,2,0,0,0,0,0,0,0,0,0
電動,2771,A_605,A_605/Na_2166,0,3,0,0,3,0,3,0,0,0,0,0,0,0,0,0,0,3
以至,1829,Cbb_1829,Cbb_1829,1,1,0,2,0,2,0,2,0,0,0,0,0,0,0,0,0,0
價格,82506,Na_82506,Na_82506,1,2,0,2,1,2,1,1,0,0,0,1,0,0,0,0,0,1
吃下去,79,VB_79,VB_79,0,3,0,0,3,1,2,0,3,0,0,0,0,0,0,0,0,0
偏偏,645,D_475,D_475/VH_170,1,1,0,2,0,3,0,0,0,0,0,0,0,0,0,0,0,1
給與,3557,Nv_2288,Nv_2288/VD_1269,1,2,0,2,1,1,2,0,3,0,0,0,0,0,0,0,0,0
互動式,566,A_566,A_566,0,3,0,0,3,3,0,0,0,0,0,0,0,0,0,0,0,3
揚,6976,VC_6946,VC_6946/Na_30,1,1,0,2,0,1,1,0,2,0,0,0,0,0,0,0,0,0
警局,6687,Nc_6687,Nc_6687,1,2,0,1,2,0,3,0,0,0,3,0,0,0,0,0,0,0
廢棄物,17116,Na_17116,Na_17116,1,2,0,2,1,1,2,0,0,0,0,3,0,0,0,0,0,0
區,85301,Nc_85301,Nc_85301,1,2,0,3,0,1,2,0,0,0,3,0,0,0,0,0,1,0
博物館,21735,Nc_21735,Nc_21735,1,2,0,1,2,0,3,0,0,0,3,0,0,0,0,0,1,0
使得,69878,VL_69878,VL_69878,1,1,0,2,0,2,0,0,3,0,0,0,0,0,0,0,0,0
有心人,1197,Na_1197,Na_1197,2,1,0,2,1,1,2,0,0,0,0,0,0,0,0,0,2,0
比賽,118078,Nv_4041,Nv_4041/VA_3652/Na_110385,1,1,1,2,1,2,1,3,0,0,0,0,0,0,0,0,0,0
交通,2,Na_2,Na_2,1,0,2,3,0,1,2,1,0,0,0,1,0,0,0,0,0,0
反映,37886,Nv_34773,Nv_34773/VE_3113,1,1,0,1,1,2,0,0,2,0,0,0,0,0,0,0,0,0
自然,21241,Nv_3626,Nv_3626/VH_3181/D_14433/Na_1,0,2,1,2,1,2,1,0,0,0,3,0,0,0,0,0,0,0
吃下,797,VC_797,VC_797,0,3,0,1,2,0,3,0,3,0,0,0,0,0,0,0,0,0
舟,823,Na_823,Na_823,1,2,0,1,2,1,2,0,0,0,1,3,0,0,0,0,0,0
知覺,489,VK_6,VK_6/Na_483,2,1,0,2,1,2,1,0,0,0,0,1,0,0,0,0,0,1
大伙兒,4,Nh_4,Nh_4,2,1,0,2,1,1,2,0,0,0,0,0,0,0,0,0,3,0
珊瑚,2370,Na_2370,Na_2370,0,3,0,1,2,0,3,0,0,0,0,1,2,1,0,0,0,0
海獅,112,Na_112,Na_112,0,3,0,1,2,0,3,0,0,0,0,0,3,0,0,0,0,0
大駕,43,Nh_43,Nh_43,1,2,0,3,0,3,0,0,0,0,0,0,0,0,0,0,1,1
杜鵑花,188,Na_188,Na_188,0,3,0,0,3,0,3,0,0,0,0,2,0,3,0,0,0,0
金牛座,100,Nb_100,Nb_100,0,3,0,0,3,1,2,0,0,0,0,2,0,0,0,0,0,0
客人,3909,Na_3909,Na_3909,1,2,0,2,1,0,3,0,0,0,0,0,0,0,0,0,3,0
調查局,28396,Nc_28396,Nc_28396,1,2,0,1,2,0,3,0,0,0,2,0,0,0,0,0,2,0
外傳,12730,Na_8225,Na_8225/Dk_4505,1,1,0,2,0,1,2,0,3,0,0,0,0,0,0,0,0,0
數字,28365,Na_28365,Na_28365,2,1,0,2,1,0,3,0,0,0,0,1,0,0,0,0,0,1
大幅度,3908,A_3908,A_3908,0,2,0,2,0,2,0,0,0,0,0,0,0,0,0,0,0,1
宗教,33447,Na_33447,Na_33447,1,1,1,3,0,3,0,0,0,0,0,1,0,0,0,0,1,0
水流量,164,Na_164,Na_164,0,2,0,0,2,0,2,0,0,0,0,1,0,0,0,0,0,0
水壩,1865,Na_1865,Na_1865,1,2,0,1,2,0,3,0,0,0,1,1,0,0,0,0,0,0
混合林,18,Na_18,Na_18,1,2,0,1,2,1,2,0,0,1,1,0,0,1,0,0,0,0
膽戰心驚,97,VH_97,VH_97,0,3,0,1,2,3,0,0,2,0,0,0,0,0,0,0,0,1
不錯,20139,VH_20139,VH_20139,1,2,0,2,1,2,1,0,0,0,0,0,0,0,0,0,0,3
俄,11773,Nc_11773,Nc_11773,0,2,0,0,2,0,2,0,0,0,2,0,0,0,0,0,1,0
四川省,3176,Nc_3176,Nc_3176,0,3,0,0,3,0,3,0,0,0,3,0,0,0,0,0,2,0
種,352390,VC_5570,VC_5570/A_5/Nf_346814/Na_1,0,2,0,0,2,0,2,0,1,0,0,0,1,1,0,0,0,0
享受,16448,Nv_4147,Nv_4147/VJ_12301,0,1,1,1,1,2,1,0,3,0,0,0,0,0,0,0,0,0
給予,54360,VD_28938,VD_28938/Nv_25422,1,1,0,1,1,1,2,0,3,0,0,0,0,0,0,0,0,0
行政區,14018,Na_14018,Na_14018,0,2,1,2,1,2,1,0,0,0,3,0,0,0,0,0,0,0
何況,4739,Cbb_4739,Cbb_4739,1,1,0,2,0,3,0,1,0,0,0,0,0,0,0,0,0,0
轉眼間,95,Nd_95,Nd_95,0,3,0,0,3,3,0,0,0,3,0,0,0,0,0,0,0,0
將軍,9311,Na_9308,Na_9308/VA_3,1,2,0,1,2,0,3,0,0,0,0,0,0,0,0,0,3,0
保羅,975,Nb_975,Nb_975,0,3,0,0,3,0,3,0,0,0,0,0,0,0,0,0,3,0
名稱,16641,Na_16641,Na_16641,1,2,0,1,2,2,1,0,0,0,0,1,0,0,0,0,0,0
異質性,56,Na_56,Na_56,0,2,1,2,1,3,0,0,0,0,0,1,0,0,0,0,0,1
淡水,9722,Na_9577,Na_9577/Nc_145,0,3,0,0,3,0,3,0,0,0,0,3,0,0,0,0,0,0
轉眼之間,17,Nd_17,Nd_17,0,2,0,0,2,2,1,0,0,3,0,0,0,0,0,0,0,0
天秤座,59,Nb_59,Nb_59,0,3,0,0,3,1,2,0,0,0,0,2,0,0,0,0,0,1
麥克,1237,Nb_1237,Nb_1237,0,3,0,0,3,0,3,0,0,0,0,0,0,0,0,0,3,0
龍,10968,Na_6968,Na_6968/Nb_4000,0,3,0,0,3,1,2,0,0,0,0,0,3,0,0,0,0,0
剎那間,168,Nd_168,Nd_168,0,2,0,0,2,3,0,0,0,2,0,0,0,0,0,0,0,0
血管,6218,Na_6218,Na_6218,0,3,0,1,2,0,3,0,0,0,0,2,0,0,0,0,0,0
蘇,11776,Nb_7629,Nb_7629/Nc_4147,0,2,0,0,2,0,2,0,0,0,2,0,0,0,0,0,1,0
吐出,278,VC_278,VC_278,0,3,0,0,3,1,2,0,3,0,0,0,0,0,0,0,0,0