醫學院,Na,hypernym,學校,Na,醫學院是學校的一种或一员或一部分,3,2,0,0,0,0,0,1,2,0,2,1,0,3,0,0,0,3,0,0,0,0,0,1,0
雙魚座,Nb,nearsynonym,獅子座,Nb,雙魚座和獅子座相关,3,1,0,1,0,0,0,0,3,0,0,3,1,2,0,0,0,0,1,0,0,0,0,0,1
紅樹林,Na,hyponym,森林,Na,紅樹林是森林的一种或一员或一部分,3,0,1,1,0,0,0,1,2,0,1,2,1,2,0,0,0,2,1,0,2,0,0,0,0
轉化為,VG,hypernym,成為,VG,轉化為是成為的一种或一员或一部分,4,1,0,0,0,0,0,1,2,0,2,1,3,0,0,3,0,0,0,0,0,0,0,0,0
天秤座,Nb,nearsynonym,天蠍座,Nb,天秤座和天蠍座相关,3,1,0,1,0,0,0,0,3,0,0,3,0,3,0,0,0,0,1,0,0,0,0,0,1
雙魚座,Nb,nearsynonym,金牛座,Nb,雙魚座和金牛座相关,3,1,0,1,0,0,0,0,3,0,0,3,1,2,0,0,0,0,2,0,0,0,0,0,0
天蠍座,Nb,nearsynonym,雙子座,Nb,天蠍座和雙子座相关,3,1,0,1,0,0,0,0,3,0,0,3,1,2,0,0,0,0,2,0,0,0,0,0,1
名將,Na,hypernym,將軍,Na,名將是將軍的一种或一员或一部分,4,1,0,0,0,0,0,1,2,0,1,2,0,3,0,0,0,0,0,0,0,0,0,3,0
天秤座,Nb,nearsynonym,牡羊座,Nb,天秤座和牡羊座相关,4,1,0,0,0,0,0,0,2,0,0,2,0,2,0,0,0,0,1,0,0,0,0,0,1
正式,VH,antonym,非正式,VH,正式和非正式的意思相反,3,2,0,0,0,0,0,0,2,0,1,2,3,0,0,0,0,0,0,0,0,0,0,0,3
大陸人,Na,hyponym,人類,Na,大陸人是人類的一种或一员或一部分,5,0,0,0,0,0,0,1,0,2,3,0,1,2,0,0,0,0,0,0,0,0,0,3,0
下,VC,hypernym,發出,VC,下是發出的一种或一员或一部分,2,1,0,2,0,0,0,1,2,0,1,2,2,1,0,3,0,0,0,0,0,0,0,0,0
好兄弟,Na,hypernym,關係,Na,好兄弟是關係的一种或一员或一部分,5,0,0,0,0,0,0,1,1,1,2,1,3,0,1,0,0,0,0,0,0,0,0,0,0
紅樹林,Nc,hypernym,地方,Nc,紅樹林是地方的一种或一员或一部分,3,1,1,0,0,0,0,1,1,1,3,0,2,0,0,0,0,3,0,0,0,0,0,0,0
房屋,Na,hyponym,建築物,Na,房屋是建築物的一种或一员或一部分,5,0,0,0,0,0,0,2,0,1,3,0,0,3,0,0,0,1,2,0,0,0,0,0,0
紐約,Nb,hyponym,行政區,Na,紐約是行政區的一种或一员或一部分,3,2,0,0,0,0,0,0,2,1,2,1,2,1,0,0,0,3,0,0,0,0,0,0,0
總務處,Na,holonym,學校,Na,總務處是學校的一种或一员或一部分,3,2,0,0,0,0,0,1,2,0,2,1,0,3,0,0,0,3,0,0,0,0,0,1,0
總決賽,Na,hypernym,決賽,Na,總決賽是決賽的一种或一员或一部分,5,0,0,0,0,0,0,0,2,1,1,2,2,1,3,0,0,0,0,0,0,0,0,0,0
巨蟹座,Nb,nearsynonym,獅子座,Nb,巨蟹座和獅子座相关,4,1,0,0,0,0,0,0,3,0,0,3,1,2,0,0,0,0,1,0,0,0,0,0,1
這樣子,Nep,antonym,那麼樣,Nep,這樣子和那麼樣的意思相反,1,2,0,2,0,0,0,1,1,0,2,0,3,0,0,0,0,0,0,0,0,0,0,0,1
金牛座,Na,nearsynonym,雙子座,Na,金牛座和雙子座相关,3,1,0,1,0,0,0,0,3,0,0,3,1,2,0,0,0,0,2,0,0,0,0,0,1
車,Na,hypernym,交通工具,Na,車是交通工具的一种或一员或一部分,5,0,0,0,0,0,0,0,0,2,2,0,1,1,0,0,0,0,2,0,0,0,0,0,0
變成,VG,synonym,轉變為,VG,變成和轉變為的意思相近,3,2,0,0,0,0,0,0,3,0,0,3,2,1,0,3,0,0,0,0,0,0,0,0,0
紀錄片,Na,hyponym,作品,Na,紀錄片是作品的一种或一员或一部分,4,1,0,0,0,0,0,0,2,1,2,1,1,2,0,0,0,0,3,0,0,0,0,0,0
老朋友,Na,hypernym,關係,Na,老朋友是關係的一种或一员或一部分,5,0,0,0,0,0,0,1,1,1,2,1,3,0,1,0,0,0,0,0,0,0,0,0,0
賺,VC,hypernym,收入,VC,賺是收入的一种或一员或一部分,2,2,0,1,0,0,0,1,2,0,1,2,2,1,0,1,0,0,2,0,0,0,0,0,0
跟不上,VJ,antonym,領先,VJ,跟不上和領先的意思相反,2,2,0,1,0,0,0,1,2,0,2,1,2,1,0,2,0,0,0,0,0,0,0,0,1
宿舍,Nc,hyponym,建築物,Na,宿舍是建築物的一种或一员或一部分,4,0,0,1,0,0,0,2,0,1,3,0,0,3,0,0,0,1,2,0,0,0,0,0,0
記錄片,Na,hyponym,作品,Na,記錄片是作品的一种或一员或一部分,5,0,0,0,0,0,0,0,2,1,2,1,1,2,0,0,0,0,3,0,0,0,0,0,0
總務處,Na,hyponym,組織,Na,總務處是組織的一种或一员或一部分,5,0,0,0,0,0,0,2,0,1,3,0,2,1,0,0,0,0,0,0,0,0,0,3,0
遺,VC,hypernym,給予,VD,遺是給予的一种或一员或一部分,2,1,0,1,1,0,0,1,1,0,1,1,1,2,0,3,0,0,0,0,0,0,0,0,0
台南,Nc,hyponym,行政區,Na,台南是行政區的一种或一员或一部分,5,0,0,0,0,0,0,0,2,1,2,1,2,1,0,0,0,3,0,0,0,0,0,0,0
博物館,Na,hyponym,建築物,Na,博物館是建築物的一种或一员或一部分,5,0,0,0,0,0,0,2,0,1,3,0,0,3,0,0,0,1,2,0,0,0,0,0,0
微生物,Na,hyponym,生物,Na,微生物是生物的一种或一员或一部分,3,2,0,0,0,0,0,2,0,1,3,0,1,2,0,0,0,0,1,2,1,0,0,1,0
不能,D,synonym,不可以,D,不能和不可以的意思相近,3,2,0,0,0,0,0,1,1,0,2,0,3,0,1,0,0,0,0,0,0,0,0,0,0
轉化為,VG,hypernym,變成,VG,轉化為是變成的一种或一员或一部分,3,2,0,0,0,0,0,0,3,0,0,3,3,0,0,3,0,0,0,0,0,0,0,0,0
水瓶座,Nb,nearsynonym,雙子座,Nb,水瓶座和雙子座相关,4,0,0,0,0,0,0,0,3,0,0,3,1,2,0,0,0,0,2,0,0,0,0,0,1
動心價,Na,hypernym,價格,Na,動心價是價格的一种或一员或一部分,4,0,0,1,0,0,0,1,2,0,2,1,2,1,1,0,0,0,1,0,0,0,0,0,1
天秤座,Nb,nearsynonym,巨蟹座,Nb,天秤座和巨蟹座相关,4,1,0,0,0,0,0,0,3,0,0,3,1,2,0,0,0,0,2,0,0,0,0,0,1
水瓶座,Nb,nearsynonym,牡羊座,Nb,水瓶座和牡羊座相关,3,1,0,1,0,0,0,0,2,0,0,2,0,2,0,0,0,0,1,0,0,0,0,0,1
芝加哥,Nc,hypernym,城市,Na,芝加哥是城市的一种或一员或一部分,4,1,0,0,0,0,0,2,1,0,2,1,0,3,0,0,0,3,0,0,0,0,0,0,0
雙子座,Nb,nearsynonym,獅子座,Nb,雙子座和獅子座相关,4,1,0,0,0,0,0,0,3,0,0,3,1,2,0,0,0,0,1,0,0,0,0,0,1
金牛座,Na,nearsynonym,水瓶座,Na,金牛座和水瓶座相关,4,1,0,0,0,0,0,0,3,0,0,3,1,2,0,0,0,1,2,0,0,0,0,0,0
準決賽,Na,hyponym,比賽,Na,準決賽是比賽的一种或一员或一部分,5,0,0,0,0,0,0,1,1,1,2,1,2,1,3,0,0,0,0,0,0,0,0,0,0
僅,Da,synonym,只不過,Da,僅和只不過的意思相近,2,2,0,1,0,0,0,1,1,0,2,0,3,0,1,0,0,0,0,0,0,0,0,0,0
廟宇,Nc,hyponym,建築物,Na,廟宇是建築物的一种或一员或一部分,4,0,0,1,0,0,0,2,0,1,3,0,0,3,0,0,0,1,2,0,0,0,0,0,0
臺南,Nc,hypernym,行政區,Na,臺南是行政區的一种或一员或一部分,5,0,0,0,0,0,0,0,2,1,2,1,2,1,0,0,0,3,0,0,0,0,0,0,0
交通工具,Na,hypernym,交通,Na,交通工具是交通的一种或一员或一部分,4,1,0,0,0,0,0,1,0,2,3,0,1,2,1,0,0,0,1,0,0,0,0,0,0
水中生物,Na,hypernym,動物,Na,水中生物是動物的一种或一员或一部分,3,1,0,0,1,0,0,1,0,2,3,0,1,2,0,0,0,0,0,3,0,0,0,0,0
幼稚園,Nc,nearsynonym,托兒所,Nc,幼稚園和托兒所相关,4,1,0,0,0,0,0,0,3,0,1,2,0,3,0,0,0,3,0,0,0,0,0,0,0
剎那間,Nd,synonym,轉眼之間,Nd,剎那間和轉眼之間的意思相近,5,0,0,0,0,0,0,0,2,0,0,2,2,1,0,0,3,0,0,0,0,0,0,0,0
印度洋,Nc,hyponym,區域,Na,印度洋是區域的一种或一员或一部分,5,0,0,0,0,0,0,0,1,2,3,0,2,1,0,0,0,3,0,0,0,0,0,0,0
畫家,Na,hyponym,藝術家,Na,畫家是藝術家的一种或一员或一部分,4,1,0,0,0,0,0,1,2,0,2,1,1,2,0,0,0,0,0,0,0,0,0,3,0
職業婦女,Na,hypernym,女,Na,職業婦女是女的一种或一员或一部分,4,0,0,1,0,0,0,0,2,1,1,2,0,3,0,0,0,0,0,0,0,0,0,2,1
廣州,Nc,hyponym,行政區,Na,廣州是行政區的一种或一员或一部分,4,1,0,0,0,0,0,0,2,1,2,1,2,1,0,0,0,3,0,0,0,0,0,0,0
天蠍座,Nb,nearsynonym,雙魚座,Nb,天蠍座和雙魚座相关,5,0,0,0,0,0,0,0,3,0,0,3,0,3,0,0,0,0,2,0,0,0,0,0,1
這麼樣,Dfa,hypernym,如此,Dfa,這麼樣是如此的一种或一员或一部分,4,1,0,0,0,0,0,2,1,0,3,0,3,0,1,1,0,0,0,0,0,0,0,0,0
溫帶草原,Na,hyponym,地形,Na,溫帶草原是地形的一种或一员或一部分,4,0,0,1,0,0,0,0,2,1,1,2,1,2,0,0,0,1,1,0,0,0,0,0,0
水瓶座,Nb,nearsynonym,天秤座,Nb,水瓶座和天秤座相关,5,0,0,0,0,0,0,0,3,0,0,3,1,2,0,0,0,0,2,0,0,0,0,0,1
買進,VC,hypernym,買下來,VB,買進是買下來的一种或一员或一部分,4,1,0,0,0,0,0,0,3,0,1,2,1,2,0,3,0,0,0,0,0,0,0,1,0
水壩,Na,hyponym,建築物,Na,水壩是建築物的一种或一员或一部分,5,0,0,0,0,0,0,2,0,1,3,0,0,3,0,0,0,1,2,0,0,0,0,0,0
石化燃料,Na,hyponym,物質,Na,石化燃料是物質的一种或一员或一部分,4,1,0,0,0,0,0,1,1,1,3,0,2,1,0,0,0,0,2,0,0,0,0,0,0
次生林,Na,hypernym,森林,Na,次生林是森林的一种或一员或一部分,3,0,0,0,0,2,0,1,2,0,1,2,1,2,0,0,0,2,1,0,2,0,0,0,0
彼得,Nb,nearsynonym,保羅,Nb,彼得和保羅相关,2,2,1,0,0,0,0,0,3,0,0,3,0,3,0,0,0,0,0,0,0,0,0,3,0
教室,Nc,hyponym,建築物,Na,教室是建築物的一种或一员或一部分,4,1,0,0,0,0,0,2,0,1,3,0,0,3,0,0,0,1,2,0,0,0,0,0,0
不止,Da,antonym,只,Da,不止和只的意思相反,1,3,0,1,0,0,0,1,1,0,2,0,2,0,0,0,0,0,0,0,0,0,0,0,1
脊椎動物,Na,hypernym,動物,Na,脊椎動物是動物的一种或一员或一部分,4,1,0,0,0,0,0,1,0,2,3,0,1,2,0,0,0,0,0,3,0,0,0,0,0
植物,Na,hypernym,有機體,Na,植物是有機體的一种或一员或一部分,5,0,0,0,0,0,0,1,1,1,3,0,1,2,0,0,0,0,0,3,1,0,0,1,0
巴洛克,Nb,hypernym,文化,Na,巴洛克是文化的一种或一员或一部分,3,1,1,0,0,0,0,1,0,2,3,0,3,0,0,0,0,0,1,0,0,0,0,0,0
化石燃料,Na,hypernym,物質,Na,化石燃料是物質的一种或一员或一部分,5,0,0,0,0,0,0,1,1,1,3,0,2,1,0,0,0,0,2,0,0,0,0,0,0
調查局,Na,hyponym,機構,Na,調查局是機構的一种或一员或一部分,5,0,0,0,0,0,0,0,1,2,3,0,2,1,0,0,0,2,1,0,0,0,0,1,0
電信局,Na,hypernym,組織,Na,電信局是組織的一种或一员或一部分,4,1,0,0,0,0,0,2,0,1,3,0,2,1,0,0,0,0,0,0,0,0,0,3,0
細菌,Na,hypernym,微生物,Na,細菌是微生物的一种或一员或一部分,5,0,0,0,0,0,0,2,1,0,3,0,0,3,0,0,0,0,1,2,0,0,0,0,0
氣不過,VH,hypernym,生氣,VH,氣不過是生氣的一种或一员或一部分,3,0,0,1,1,0,0,0,1,1,1,1,1,2,0,3,0,0,0,0,0,0,0,0,1
天主教,Nb,hypernym,基督教,Nb,天主教是基督教的一种或一员或一部分,3,0,0,2,0,0,0,0,3,0,0,3,2,1,0,0,0,0,1,0,0,0,0,2,0
化為,VG,hyponym,轉變為,VG,化為是轉變為的一种或一员或一部分,6,2,0,2,0,0,0,0,3,0,0,3,2,1,0,3,0,0,0,0,0,0,0,0,0
贈送,Nom,hyponym,給予,VD,贈送是給予的一种或一员或一部分,3,2,0,0,0,0,0,1,1,0,1,1,1,2,0,3,0,0,0,0,0,0,0,0,0
來得及,D,antonym,來不及,D,來得及和來不及的意思相反,5,0,0,0,0,0,0,1,1,0,1,1,1,1,1,1,0,0,0,0,0,0,0,0,0
嘉年華,Nb,holonym,文化,Na,嘉年華是文化的一种或一员或一部分,3,1,0,1,0,0,0,1,0,2,3,0,3,0,0,0,0,0,1,0,0,0,0,0,0
京,Nc,hypernym,行政區,Na,京是行政區的一种或一员或一部分,4,0,0,1,0,0,0,0,2,1,2,1,2,1,0,0,0,3,0,0,0,0,0,0,0
天秤座,Nb,nearsynonym,雙子座,Nb,天秤座和雙子座相关,3,1,0,1,0,0,0,0,3,0,0,3,1,2,0,0,0,0,2,0,0,0,0,0,1
橋,Na,hyponym,建築物,Na,橋是建築物的一种或一员或一部分,4,1,0,0,0,0,0,2,0,1,3,0,0,3,0,0,0,1,2,0,0,0,0,0,0
屋,Na,hyponym,建築物,Na,屋是建築物的一种或一员或一部分,5,0,0,0,0,0,0,2,0,1,3,0,0,3,0,0,0,1,2,0,0,0,0,0,0
安,VH,hypernym,打招呼,nom,安是打招呼的一种或一员或一部分,2,6,1,1,0,0,0,1,2,0,1,2,1,2,0,3,0,0,0,0,0,0,0,1,0
病毒,Na,hypernym,微生物,Na,病毒是微生物的一种或一员或一部分,4,1,0,0,0,0,0,2,1,0,3,0,0,3,0,0,0,0,1,2,0,0,0,0,0
幼稚園,Na,hypernym,學校,Na,幼稚園是學校的一种或一员或一部分,4,1,0,0,0,0,0,1,2,0,2,1,0,3,0,0,0,3,0,0,0,0,0,1,0
在野黨,Na,hyponym,組織,Na,在野黨是組織的一种或一员或一部分,4,1,0,0,0,0,0,2,0,1,3,0,2,1,0,0,0,0,0,0,0,0,0,3,0
天蠍座,Nb,nearsynonym,金牛座,Nb,天蠍座和金牛座相关,3,1,0,1,0,0,0,0,3,0,0,3,1,2,0,0,0,0,2,0,0,0,0,0,0
身分證,Na,hypernym,證,Na,身分證是證的一种或一员或一部分,5,0,0,0,0,0,0,0,2,1,1,2,1,2,0,0,0,0,3,0,0,0,0,0,0
芝加哥,Nc,holonym,美國,Nc,芝加哥是美國的一种或一员或一部分,5,0,0,0,0,0,0,0,3,0,0,3,0,3,0,0,0,3,0,0,0,0,0,2,0
天秤座,Nb,nearsynonym,獅子座,Nb,天秤座和獅子座相关,3,1,0,1,0,0,0,0,3,0,0,3,1,2,0,0,0,0,1,0,0,0,0,0,1
牆,Na,meronym,建築物,Na,牆是建築物的一种或一员或一部分,5,0,0,0,0,0,0,2,0,1,3,0,0,3,0,0,0,1,2,0,0,0,0,0,0
慕尼黑,Nc,hyponym,城市,Na,慕尼黑是城市的一种或一员或一部分,5,0,0,0,0,0,0,2,1,0,2,1,0,3,0,0,0,3,0,0,0,0,0,0,0
文建會,Nb,hyponym,組織,Na,文建會是組織的一种或一员或一部分,4,0,0,0,0,1,0,2,0,1,3,0,2,1,0,0,0,0,0,0,0,0,0,3,0
財政部,Na,nearsynonym,教育部,Na,財政部和教育部相关,4,1,0,0,0,0,0,0,3,0,0,3,0,3,0,0,0,2,0,0,0,0,0,2,0
劇院,Nc,hypernym,建築物,Na,劇院是建築物的一种或一员或一部分,4,1,0,0,0,0,0,2,0,1,3,0,0,3,0,0,0,1,2,0,0,0,0,0,0
劇場,Nc,hyponym,建築物,Na,劇場是建築物的一种或一员或一部分,3,2,0,0,0,0,0,2,0,1,3,0,0,3,0,0,0,1,2,0,0,0,0,0,0
掃瞄器,Na,hyponym,設備,Na,掃瞄器是設備的一种或一员或一部分,5,0,0,0,0,0,0,1,1,1,2,1,1,2,0,0,0,0,3,0,0,0,0,0,0
淡水,Nc,hyponym,行政區,Na,淡水是行政區的一种或一员或一部分,3,0,1,0,0,1,0,0,2,1,2,1,2,1,0,0,0,3,0,0,0,0,0,0,0
機車,Na,hypernym,交通工具,Na,機車是交通工具的一种或一员或一部分,5,0,0,0,0,0,0,0,0,2,2,0,1,1,0,0,0,0,2,0,0,0,0,0,0
高中生,Na,hypernym,學生,Na,高中生是學生的一种或一员或一部分,5,0,0,0,0,0,0,1,1,1,2,1,1,2,0,0,0,0,0,0,0,0,0,3,0
不止,Da,antonym,僅,Da,不止和僅的意思相反,1,4,0,0,0,0,0,1,1,0,1,1,3,0,0,0,0,0,0,0,0,0,0,0,1
朱元璋,Nb,hyponym,名稱,Na,朱元璋是名稱的一种或一员或一部分,5,0,0,0,0,0,0,1,2,0,1,2,2,1,0,0,0,0,1,0,0,0,0,0,0
貝,Na,hypernym,軟體,Na,貝是軟體的一种或一员或一部分,2,1,1,1,0,0,0,1,2,0,1,2,1,2,0,0,0,0,0,1,0,0,0,0,2
青少年,Na,hyponym,人類,Na,青少年是人類的一种或一员或一部分,5,0,0,0,0,0,0,1,0,2,3,0,1,2,0,0,0,0,0,0,0,0,0,3,0
雙魚座,Nb,nearsynonym,雙子座,Nb,雙魚座和雙子座相关,3,1,0,1,0,0,0,0,3,0,0,3,1,2,0,0,0,0,2,0,0,0,0,0,1
杜鵑花,Na,holonym,杜鵑樹,Na,杜鵑花是杜鵑樹的一种或一员或一部分,4,0,0,0,0,0,1,0,3,0,0,3,0,3,0,0,0,0,0,0,3,0,0,0,0
陸委會,Nb,hypernym,組織,Na,陸委會是組織的一种或一员或一部分,4,0,0,0,0,1,0,2,0,1,3,0,2,1,0,0,0,0,0,0,0,0,0,3,0
不止,Da,antonym,單,Da,不止和單的意思相反,2,2,0,1,0,0,0,2,1,0,2,1,2,1,0,0,0,0,1,0,0,0,0,0,2
水瓶座,Nb,nearsynonym,雙魚座,Nb,水瓶座和雙魚座相关,3,1,0,1,0,0,0,0,3,0,0,3,0,3,0,0,0,0,2,0,0,0,0,0,1
水墨畫,Na,holonym,作品,Na,水墨畫是作品的一种或一员或一部分,5,0,0,0,0,0,0,0,2,1,2,1,1,2,0,0,0,0,3,0,0,0,0,0,0
財政部,Nc,hyponym,機構,Na,財政部是機構的一种或一员或一部分,5,0,0,0,0,0,0,0,1,2,3,0,2,1,0,0,0,2,1,0,0,0,0,1,0
頓時,D,synonym,轉眼之間,Nd,頓時和轉眼之間的意思相近,2,2,0,1,0,0,0,0,2,0,0,2,2,1,0,0,3,0,0,0,0,0,0,0,0
船,Na,hypernym,交通工具,Na,船是交通工具的一种或一员或一部分,5,0,0,0,0,0,0,0,0,2,2,0,1,1,0,0,0,0,2,0,0,0,0,0,0
巴,Na,hypernym,交通工具,Na,巴是交通工具的一种或一员或一部分,2,1,0,1,1,0,0,0,0,2,2,0,1,1,0,0,0,0,2,0,0,0,0,0,0
執政黨,Na,hypernym,組織,Na,執政黨是組織的一种或一员或一部分,4,1,0,0,0,0,0,2,0,1,3,0,2,1,0,0,0,0,0,0,0,0,0,3,0
殖民地,Nc,hyponym,區域,Na,殖民地是區域的一种或一员或一部分,4,1,0,0,0,0,0,0,1,2,3,0,2,1,0,0,0,3,0,0,0,0,0,0,0
心動價,Na,hypernym,價格,Na,心動價是價格的一种或一员或一部分,3,1,0,1,0,0,0,1,2,0,2,1,2,1,1,0,0,0,1,0,0,0,0,0,1
巨蟹座,Nb,nearsynonym,金牛座,Nb,巨蟹座和金牛座相关,7,2,0,1,0,0,0,0,3,0,0,3,1,2,0,0,0,0,2,0,0,0,0,0,0
監事會,Na,hyponym,組織,Na,監事會是組織的一种或一员或一部分,4,0,0,0,0,1,0,2,0,1,3,0,2,1,0,0,0,0,0,0,0,0,0,3,0
窯,Na,hyponym,建築物,Na,窯是建築物的一种或一员或一部分,3,0,1,0,0,1,0,2,0,1,3,0,0,3,0,0,0,1,2,0,0,0,0,0,0
牧草地,Na,hypernym,草地,Na,牧草地是草地的一种或一员或一部分,3,2,0,0,0,0,0,1,2,0,1,2,1,2,0,0,0,3,0,0,0,0,0,0,0
反映到,VK,hyponym,反映,VE,反映到是反映的一种或一员或一部分,1,2,1,1,0,0,0,1,1,0,1,1,2,0,0,2,0,0,0,0,0,0,0,0,0
副熱帶,Nc,hyponym,區域,Na,副熱帶是區域的一种或一员或一部分,2,2,0,0,0,0,0,0,1,2,3,0,2,1,0,0,0,3,0,0,0,0,0,0,0
蒜,Na,hyponym,調味料,Na,蒜是調味料的一种或一员或一部分,3,1,0,1,0,0,0,2,1,0,2,1,0,3,0,0,0,0,3,0,0,1,0,0,0
基,Na,hyponym,建築物,Na,基是建築物的一种或一员或一部分,2,2,0,1,0,0,0,2,0,1,3,0,0,3,0,0,0,1,2,0,0,0,0,0,0
嘉年華,Nb,hypernym,事件,Na,嘉年華是事件的一种或一员或一部分,4,1,0,0,0,0,0,0,1,2,2,1,2,1,2,0,0,0,0,0,0,0,0,0,0
針葉林,Na,hypernym,森林,Na,針葉林是森林的一种或一员或一部分,5,0,0,0,0,0,0,1,2,0,1,2,1,2,0,0,0,2,1,0,2,0,0,0,0
蔣介石,Nb,hypernym,人類,Na,蔣介石是人類的一种或一员或一部分,5,0,0,0,0,0,0,1,0,2,3,0,1,2,0,0,0,0,0,0,0,0,0,3,0
贈,VD,hypernym,給與,nom,贈是給與的一种或一员或一部分,2,2,0,1,0,0,0,1,2,0,2,1,1,2,0,3,0,0,0,0,0,0,0,0,0
雙魚座,Na,nearsynonym,水瓶座,Na,雙魚座和水瓶座相关,3,1,0,1,0,0,0,0,3,0,0,3,1,2,0,0,0,1,2,0,0,0,0,0,0
山東,Nc,hyponym,行政區,Na,山東是行政區的一种或一员或一部分,4,1,0,0,0,0,0,0,2,1,2,1,2,1,0,0,0,3,0,0,0,0,0,0,0
廢棄物,Na,synonym,廢物,Na,廢棄物和廢物的意思相近,2,2,0,1,0,0,0,2,1,0,3,0,1,2,0,0,0,0,3,0,0,0,0,0,0
牡羊座,Nb,nearsynonym,獅子座,Nb,牡羊座和獅子座相关,5,0,0,0,0,0,0,0,3,0,0,3,1,2,0,0,0,0,1,0,0,0,0,0,1
陸棲生物,Na,hypernym,生物,Na,陸棲生物是生物的一种或一员或一部分,5,0,0,0,0,0,0,2,0,1,3,0,1,2,0,0,0,0,1,2,1,0,0,1,0
史達林,Nb,hypernym,名稱,Na,史達林是名稱的一种或一员或一部分,5,0,0,0,0,0,0,1,2,0,1,2,2,1,0,0,0,0,1,0,0,0,0,0,0
設,Cbb,synonym,如果說,Cbb,設和如果說的意思相近,2,2,0,1,0,0,0,1,1,0,2,0,3,0,1,0,0,0,0,0,0,0,0,0,0
反對黨,Na,hyponym,組織,Na,反對黨是組織的一种或一员或一部分,3,1,0,1,0,0,0,2,0,1,3,0,2,1,0,0,0,0,0,0,0,0,0,3,0
吃下,VC,synonym,吃下去,VC,吃下和吃下去的意思相近,3,2,0,0,0,0,0,0,3,0,0,3,1,2,0,3,0,0,0,0,0,0,0,0,0
牡羊座,Nb,nearsynonym,雙子座,Nb,牡羊座和雙子座相关,7,2,0,1,0,0,0,0,3,0,0,3,1,2,0,0,0,0,2,0,0,0,0,0,1
天蠍座,Na,nearsynonym,水瓶座,Na,天蠍座和水瓶座相关,4,1,0,0,0,0,0,0,3,0,0,3,1,2,0,0,0,1,2,0,0,0,0,0,0
轉成,VG,hypernym,轉變成,VG,轉成是轉變成的一种或一员或一部分,3,1,0,1,0,0,0,0,3,0,1,2,2,1,0,3,0,0,0,0,0,0,0,0,0
化為,VG,hyponym,轉變成,VG,化為是轉變成的一种或一员或一部分,1,3,0,1,0,0,0,0,3,0,1,2,2,1,0,3,0,0,0,0,0,0,0,0,0
學校,Nc,hypernym,建築物,Na,學校是建築物的一种或一员或一部分,3,2,0,0,0,0,0,2,0,1,3,0,0,3,0,0,0,1,2,0,0,0,0,0,0
之外,Ng,synonym,除此之外,Dk,之外和除此之外的意思相近,2,1,0,2,0,0,0,1,1,0,2,0,3,0,0,0,0,0,0,0,0,0,0,0,1
天主教,Nb,hypernym,宗教,Na,天主教是宗教的一种或一员或一部分,5,0,0,0,0,0,0,1,1,1,3,0,3,0,0,0,0,0,1,0,0,0,0,1,0
戲院,Nc,hyponym,建築物,Na,戲院是建築物的一种或一员或一部分,4,0,0,1,0,0,0,2,0,1,3,0,0,3,0,0,0,1,2,0,0,0,0,0,0
紅外線,Na,hypernym,設備,Na,紅外線是設備的一种或一员或一部分,2,2,0,0,1,0,0,1,1,1,2,1,1,2,0,0,0,0,3,0,0,0,0,0,0
大西洋,Nc,hyponym,區域,Na,大西洋是區域的一种或一员或一部分,4,1,0,0,0,0,0,0,1,2,3,0,2,1,0,0,0,3,0,0,0,0,0,0,0
附贈,VD,hypernym,給與,nom,附贈是給與的一种或一员或一部分,2,3,0,0,0,0,0,1,2,0,2,1,1,2,0,3,0,0,0,0,0,0,0,0,0
送,VD,hypernym,給與,nom,送是給與的一种或一员或一部分,4,1,0,0,0,0,0,1,2,0,2,1,1,2,0,3,0,0,0,0,0,0,0,0,0
舟,Na,hyponym,交通工具,Na,舟是交通工具的一种或一员或一部分,5,0,0,0,0,0,0,0,0,2,2,0,1,1,0,0,0,0,2,0,0,0,0,0,0
菌,Na,hypernym,微生物,Na,菌是微生物的一种或一员或一部分,5,0,0,0,0,0,0,2,1,0,3,0,0,3,0,0,0,0,1,2,0,0,0,0,0
些許,Neqa,synonym,有一點點,Dfa,些許和有一點點的意思相近,3,2,0,0,0,0,0,0,2,0,1,1,2,0,0,0,0,0,0,0,0,0,0,0,1
購,VA,synonym,買下來,VB,購和買下來的意思相近,2,2,0,1,0,0,0,0,3,0,1,2,1,2,0,3,0,0,0,0,0,0,0,1,0
電影院,Nc,hyponym,建築物,Na,電影院是建築物的一种或一员或一部分,3,1,0,1,0,0,0,2,0,1,3,0,0,3,0,0,0,1,2,0,0,0,0,0,0
容許,VE,antonym,不可以,D,容許和不可以的意思相反,3,1,0,1,0,0,0,1,1,0,2,0,3,0,1,0,0,0,0,0,0,0,0,0,0
大幅,VH,synonym,大幅度,VH,大幅和大幅度的意思相近,4,1,0,0,0,0,0,0,2,0,2,0,2,0,0,0,0,0,0,0,0,0,0,0,1
鐵將軍,Na,hyponym,人類,Na,鐵將軍是人類的一种或一员或一部分,3,0,0,1,0,1,0,1,0,2,3,0,1,2,0,0,0,0,0,0,0,0,0,3,0
阿拉伯數字,Na,hypernym,數字,Na,阿拉伯數字是數字的一种或一员或一部分,5,0,0,0,0,0,0,2,1,0,2,1,0,3,0,0,0,0,1,0,0,0,0,0,1
不屑一顧,VI,hypernym,忽視,VJ,不屑一顧是忽視的一种或一员或一部分,1,3,0,1,0,0,0,1,1,0,1,1,1,1,0,3,0,0,0,0,0,0,0,0,0
房子,Na,hyponym,建築物,Na,房子是建築物的一种或一员或一部分,5,0,0,0,0,0,0,2,0,1,3,0,0,3,0,0,0,1,2,0,0,0,0,0,0
唯有,D,synonym,祇不過,Da,唯有和祇不過的意思相近,1,2,0,2,0,0,0,1,1,0,2,0,3,0,1,1,0,0,0,0,0,0,0,0,0
市議會,Na,hyponym,組織,Na,市議會是組織的一种或一员或一部分,4,1,0,0,0,0,0,2,0,1,3,0,2,1,0,0,0,0,0,0,0,0,0,3,0
來不及,VH,antonym,來得及,VH,來不及和來得及的意思相反,4,1,0,0,0,0,0,1,1,0,1,1,1,1,0,1,0,0,0,0,0,0,0,0,1
大樓,Na,hyponym,建築物,Na,大樓是建築物的一种或一员或一部分,4,0,0,1,0,0,0,2,0,1,3,0,0,3,0,0,0,1,2,0,0,0,0,0,0
尼泊爾,Nc,hypernym,國家,Na,尼泊爾是國家的一种或一员或一部分,5,0,0,0,0,0,0,0,2,1,3,0,1,2,0,0,0,3,0,0,0,0,0,1,0
混合林,Na,hyponym,森林,Na,混合林是森林的一种或一员或一部分,4,0,0,0,0,1,0,1,2,0,1,2,1,2,0,0,0,2,1,0,2,0,0,0,0
雙子座,Na,nearsynonym,牡羊座,Na,雙子座和牡羊座相关,4,1,0,0,0,0,0,0,2,0,0,2,0,2,0,0,0,0,1,0,0,0,0,0,1
天蠍座,Nb,nearsynonym,獅子座,Nb,天蠍座和獅子座相关,3,1,0,1,0,0,0,0,3,0,0,3,1,2,0,0,0,0,1,0,0,0,0,0,1
不屑一顧,VI,hypernym,輕視,VJ,不屑一顧是輕視的一种或一员或一部分,3,2,0,0,0,0,0,1,1,0,1,1,1,1,0,3,0,0,0,0,0,0,0,0,0
金牛座,Na,nearsynonym,巨蟹座,Na,金牛座和巨蟹座相关,3,1,0,1,0,0,0,0,3,0,0,3,1,2,0,0,0,0,2,0,0,0,0,0,1
水瓶座,Nb,nearsynonym,天蠍座,Nb,水瓶座和天蠍座相关,3,1,0,1,0,0,0,0,3,0,0,3,0,3,0,0,0,0,1,0,0,0,0,0,1
熱帶草原,Na,hyponym,地形,Na,熱帶草原是地形的一种或一员或一部分,3,1,0,1,0,0,0,0,2,1,1,2,1,2,0,0,0,1,1,0,0,0,0,0,0
秦始皇,Nb,hyponym,名稱,Na,秦始皇是名稱的一种或一员或一部分,5,0,0,0,0,0,0,1,2,0,1,2,2,1,0,0,0,0,1,0,0,0,0,0,0
忍不住,VL,synonym,禁不住,VL,忍不住和禁不住的意思相近,2,3,0,0,0,0,0,0,2,0,0,2,3,0,0,2,0,0,0,0,0,0,0,0,1
托兒所,Na,nearsynonym,幼稚園,Na,托兒所和幼稚園相关,4,1,0,0,0,0,0,1,2,0,2,1,0,3,0,0,0,3,0,0,0,0,0,0,0
列出來,VC,hypernym,展,VC,列出來是展的一种或一员或一部分,1,2,0,2,0,0,0,1,1,0,1,1,1,1,1,1,0,0,0,0,0,0,0,0,0
棟,Na,meronym,建築物,Na,棟是建築物的一种或一员或一部分,4,1,0,1,0,0,0,2,0,1,3,0,0,3,0,0,0,1,2,0,0,0,0,0,0
維多利亞,Nb,hyponym,名稱,Na,維多利亞是名稱的一种或一员或一部分,5,0,0,0,0,0,0,1,2,0,1,2,2,1,0,0,0,0,1,0,0,0,0,0,0
梅花,Na,holonym,梅花樹,Na,梅花是梅花樹的一种或一员或一部分,4,1,0,0,0,0,0,0,3,0,0,3,0,3,0,0,0,0,0,0,3,0,0,0,0
牡羊座,Nb,nearsynonym,金牛座,Nb,牡羊座和金牛座相关,3,1,0,1,0,0,0,0,3,0,0,3,1,2,0,0,0,0,2,0,0,0,0,0,0
職業學生,Na,hypernym,學生,Na,職業學生是學生的一种或一员或一部分,4,1,0,0,0,0,0,1,1,1,2,1,1,2,0,0,0,0,0,0,0,0,0,3,0
汽車,Na,hypernym,交通工具,Na,汽車是交通工具的一种或一员或一部分,5,0,0,0,0,0,0,0,0,2,2,0,1,1,0,0,0,0,2,0,0,0,0,0,0
雙子座,Nb,nearsynonym,金牛座,Nb,雙子座和金牛座相关,5,1,0,0,0,0,0,0,3,0,0,3,1,2,0,0,0,0,2,0,0,0,0,0,0
行政院,Nb,nearsynonym,立法院,Nb,行政院和立法院相关,3,1,0,0,0,0,0,0,3,0,0,3,0,3,0,0,0,3,0,0,0,0,0,2,0
貝類,Na,hypernym,軟體,Na,貝類是軟體的一种或一员或一部分,2,2,0,1,0,0,0,1,2,0,1,2,1,2,0,0,0,0,0,1,0,0,0,0,2
房舍,Na,hypernym,建築物,Na,房舍是建築物的一种或一员或一部分,5,0,0,0,0,0,0,2,0,1,3,0,0,3,0,0,0,1,2,0,0,0,0,0,0
磚,Na,meronym,建築物,Na,磚是建築物的一种或一员或一部分,4,0,0,1,0,0,0,2,0,1,3,0,0,3,0,0,0,1,2,0,0,0,0,0,0
注意力,Na,holonym,知覺,Nb,注意力是知覺的一种或一员或一部分,5,0,0,0,0,0,0,2,1,0,2,1,2,1,0,0,0,0,1,0,0,0,0,0,1
水瓶座,Nb,nearsynonym,獅子座,Nb,水瓶座和獅子座相关,4,1,0,0,0,0,0,0,3,0,0,3,1,2,0,0,0,0,1,0,0,0,0,0,1
天秤座,Nb,nearsynonym,金牛座,Nb,天秤座和金牛座相关,4,1,0,0,0,0,0,0,3,0,0,3,1,2,0,0,0,0,2,0,0,0,0,0,0
宮殿,Na,hyponym,建築物,Na,宮殿是建築物的一种或一员或一部分,4,1,0,0,0,0,0,2,0,1,3,0,0,3,0,0,0,1,2,0,0,0,0,0,0
牡羊座,Nb,nearsynonym,巨蟹座,Nb,牡羊座和巨蟹座相关,3,1,0,1,0,0,0,0,3,0,0,3,1,2,0,0,0,0,2,0,0,0,0,0,1
亞熱帶,Nc,hyponym,區域,Na,亞熱帶是區域的一种或一员或一部分,3,2,0,0,0,0,0,0,1,2,3,0,2,1,0,0,0,3,0,0,0,0,0,0,0
巨蟹座,Nb,nearsynonym,雙子座,Nb,巨蟹座和雙子座相关,4,1,0,0,0,0,0,0,3,0,0,3,1,2,0,0,0,0,2,0,0,0,0,0,1
飛機,Na,hyponym,交通工具,Na,飛機是交通工具的一种或一员或一部分,5,0,0,0,0,0,0,0,0,2,2,0,1,1,0,0,0,0,2,0,0,0,0,0,0
好朋友,Na,hypernym,關係,Na,好朋友是關係的一种或一员或一部分,4,1,0,0,0,0,0,1,1,1,2,1,3,0,1,0,0,0,0,0,0,0,0,0,0
金牛座,Na,nearsynonym,牡羊座,Na,金牛座和牡羊座相关,4,0,0,1,0,0,0,0,2,0,0,2,0,2,0,0,0,0,1,0,0,0,0,0,1
伊拉克,Nb,hypernym,組織,Na,伊拉克是組織的一种或一员或一部分,1,2,0,1,1,0,0,2,0,1,3,0,2,1,0,0,0,0,0,0,0,0,0,3,0
縣,Nc,hyponym,行政區,Na,縣是行政區的一种或一员或一部分,3,2,0,0,0,0,0,0,2,1,2,1,2,1,0,0,0,3,0,0,0,0,0,0,0
董事會,Na,hyponym,組織,Na,董事會是組織的一种或一员或一部分,3,2,0,0,0,0,0,2,0,1,3,0,2,1,0,0,0,0,0,0,0,0,0,3,0
水瓶座,Nb,nearsynonym,巨蟹座,Nb,水瓶座和巨蟹座相关,4,1,0,0,0,0,0,0,3,0,0,3,1,2,0,0,0,0,2,0,0,0,0,0,1
獅子座,Nb,nearsynonym,金牛座,Nb,獅子座和金牛座相关,3,1,0,1,0,0,0,0,3,0,0,3,1,2,0,0,0,0,2,0,0,0,0,0,0
警察局,Nc,hyponym,建築物,Na,警察局是建築物的一种或一员或一部分,2,2,0,1,0,0,0,2,0,1,3,0,0,3,0,0,0,1,2,0,0,0,0,0,0
區,Na,hyponym,行政區,Na,區是行政區的一种或一员或一部分,2,1,0,1,1,0,0,0,2,1,2,1,2,1,0,0,0,3,0,0,0,0,0,0,0
大學,Na,nearsynonym,高中,Na,大學和高中相关,3,2,0,0,0,0,0,0,3,0,1,2,0,3,0,0,0,3,0,0,0,0,0,2,0
伊拉克,Nc,hyponym,地方,Nc,伊拉克是地方的一种或一员或一部分,5,0,0,0,0,0,0,1,1,1,3,0,2,0,0,0,0,3,0,0,0,0,0,0,0
俄羅斯,Nc,hypernym,國家,Na,俄羅斯是國家的一种或一员或一部分,4,1,0,0,0,0,0,0,2,1,3,0,1,2,0,0,0,3,0,0,0,0,0,1,0
資料庫,Na,hyponym,設備,Na,資料庫是設備的一种或一员或一部分,1,3,0,1,0,0,0,1,1,1,2,1,1,2,0,0,0,0,3,0,0,0,0,0,0
水瓶座,Nb,nearsynonym,金牛座,Nb,水瓶座和金牛座相关,7,2,0,1,0,0,0,0,3,0,0,3,1,2,0,0,0,0,2,0,0,0,0,0,0
廢料,Na,hypernym,廢棄物,Na,廢料是廢棄物的一种或一员或一部分,4,1,0,0,0,0,0,1,2,0,2,1,1,2,0,0,0,0,3,0,0,0,0,0,0
喜出望外,VH,hyponym,驚訝,VK,喜出望外是驚訝的一种或一员或一部分,1,2,0,2,0,0,0,1,2,0,1,2,3,0,0,1,0,0,0,0,0,0,0,1,2
天秤座,Nb,nearsynonym,雙魚座,Nb,天秤座和雙魚座相关,4,1,0,0,0,0,0,0,3,0,0,3,0,3,0,0,0,0,2,0,0,0,0,0,1
轉眼間,Nd,synonym,頓時,D,轉眼間和頓時的意思相近,2,2,0,1,0,0,0,1,2,0,2,1,3,0,0,0,3,0,0,0,0,0,0,0,0
小朋友,Na,hyponym,人類,Na,小朋友是人類的一种或一员或一部分,5,0,0,0,0,0,0,1,0,2,3,0,1,2,0,0,0,0,0,0,0,0,0,3,0
闊葉林,Na,hyponym,森林,Na,闊葉林是森林的一种或一员或一部分,4,1,0,0,0,0,0,1,2,0,1,2,1,2,0,0,0,2,1,0,2,0,0,0,0
威尼斯,Nc,hypernym,城市,Na,威尼斯是城市的一种或一员或一部分,5,0,0,0,0,0,0,2,1,0,2,1,0,3,0,0,0,3,0,0,0,0,0,0,0
好萊塢,Nc,meronym,美國,Nc,好萊塢是美國的一种或一员或一部分,4,1,0,0,0,0,0,0,3,0,0,3,0,3,0,0,0,3,0,0,0,0,0,2,0
北平,Nc,hypernym,行政區,Na,北平是行政區的一种或一员或一部分,4,0,0,1,0,0,0,0,2,1,2,1,2,1,0,0,0,3,0,0,0,0,0,0,0
四川省,Nc,hyponym,地方,Nc,四川省是地方的一种或一员或一部分,4,1,0,0,0,0,0,1,1,1,3,0,2,0,0,0,0,3,0,0,0,0,0,0,0
夾道,Na,meronym,建築物,Na,夾道是建築物的一种或一员或一部分,3,0,0,1,0,1,0,2,0,1,3,0,0,3,0,0,0,1,2,0,0,0,0,0,0
聯合國開發計畫署,Nb,hyponym,組織,Na,聯合國開發計畫署是組織的一种或一员或一部分,4,1,0,0,0,0,0,2,0,1,3,0,2,1,0,0,0,0,0,0,0,0,0,3,0
紀念堂,Nc,hypernym,建築物,Na,紀念堂是建築物的一种或一员或一部分,3,1,0,1,0,0,0,2,0,1,3,0,0,3,0,0,0,1,2,0,0,0,0,0,0
轉化為,VG,hypernym,變,VG,轉化為是變的一种或一员或一部分,4,0,1,0,0,0,0,0,1,1,2,0,3,0,0,3,0,0,0,0,0,0,0,0,0
警局,Nc,hyponym,建築物,Na,警局是建築物的一种或一员或一部分,3,1,0,1,0,0,0,2,0,1,3,0,0,3,0,0,0,1,2,0,0,0,0,0,0
遊樂區,Nc,hyponym,區域,Na,遊樂區是區域的一种或一员或一部分,5,3,0,2,0,0,0,0,1,2,3,0,2,1,0,0,0,3,0,0,0,0,0,0,0